8 0.334115 0.706019 0.035937 0.062037
3 0.521094 0.710185 0.027604 0.096296
6 0.109635 0.100000 0.026562 0.079630
6 0.251302 0.097685 0.022396 0.089815
6 0.380208 0.100463 0.022917 0.084259
6 0.541927 0.098148 0.022396 0.087037
6 0.648958 0.101389 0.025000 0.082407
6 0.786198 0.106019 0.023438 0.086111
6 0.800521 0.295833 0.021875 0.089815
5 0.095573 0.278241 0.047396 0.078704
5 0.239583 0.299074 0.042708 0.077778
5 0.370052 0.296759 0.043229 0.065741
5 0.535677 0.288426 0.038021 0.076852
4 0.663021 0.502778 0.040625 0.077778
4 0.515104 0.506481 0.038542 0.079630
4 0.356250 0.505556 0.044792 0.070370
4 0.223958 0.501852 0.041667 0.083333
4 0.071094 0.496759 0.049479 0.086111
