1 0.067969 0.157407 0.038021 0.092593
1 0.196094 0.152315 0.039062 0.095370
1 0.325000 0.146296 0.040625 0.092593
1 0.466146 0.153704 0.041667 0.096296
2 0.603646 0.163889 0.028125 0.092593
2 0.750521 0.159722 0.029167 0.095370
2 0.901302 0.159722 0.026562 0.095370
2 0.758594 0.363426 0.031771 0.097222
2 0.917969 0.360648 0.028646 0.097222
2 0.762760 0.571296 0.027604 0.101852
2 0.923698 0.577778 0.032813 0.101852
2 0.929688 0.761111 0.031250 0.101852
0 0.059896 0.355556 0.038542 0.088889
0 0.185677 0.344907 0.038021 0.076852
0 0.321615 0.361111 0.045312 0.068519
0 0.461198 0.362963 0.034896 0.098148
0 0.611719 0.358796 0.032813 0.100926
9 0.615625 0.576852 0.079167 0.070370
9 0.765365 0.776852 0.079687 0.074074
7 0.050000 0.570833 0.032292 0.073148
7 0.171615 0.571759 0.028646 0.069444
7 0.315365 0.580556 0.025521 0.072222
7 0.455990 0.568519 0.024479 0.074074
7 0.617188 0.775926 0.026042 0.075926
7 0.466146 0.781019 0.027083 0.078704
7 0.316406 0.769444 0.026562 0.072222
7 0.163021 0.775926 0.027083 0.075926
7 0.048698 0.783333 0.028646 0.072222
