8 0.333854 0.706481 0.036458 0.064815
3 0.500000 0.694907 0.027083 0.041667
6 0.109635 0.099074 0.026562 0.079630
6 0.251823 0.097222 0.024479 0.088889
6 0.378906 0.100463 0.025521 0.084259
6 0.540104 0.098611 0.026042 0.087963
6 0.647135 0.100463 0.027604 0.082407
6 0.785156 0.107407 0.025521 0.085185
6 0.799219 0.295833 0.025521 0.087963
5 0.085417 0.293981 0.056250 0.050926
5 0.235417 0.295370 0.051042 0.057407
5 0.371875 0.301852 0.042708 0.075926
5 0.532292 0.310185 0.042708 0.061111
4 0.065365 0.511111 0.057813 0.044444
4 0.220573 0.503241 0.047396 0.050926
4 0.354427 0.510185 0.044271 0.050000
4 0.516406 0.511574 0.040104 0.063889
4 0.669271 0.510648 0.041667 0.060185
