0 0.059896 0.357870 0.039583 0.091667
0 0.186458 0.346296 0.035417 0.077778
0 0.321875 0.361111 0.043750 0.068519
0 0.461198 0.364815 0.033854 0.100000
0 0.612500 0.359722 0.032292 0.099074
1 0.067708 0.156944 0.038542 0.093519
1 0.197396 0.151852 0.036458 0.096296
1 0.325260 0.146759 0.039062 0.093519
1 0.466406 0.154167 0.040104 0.095370
7 0.051042 0.569907 0.030208 0.071296
7 0.171615 0.572222 0.028646 0.070370
7 0.315365 0.580093 0.024479 0.071296
7 0.456250 0.569444 0.026042 0.072222
7 0.616667 0.775463 0.026042 0.075000
7 0.465104 0.778241 0.025000 0.071296
7 0.316927 0.769444 0.026562 0.074074
7 0.163542 0.775926 0.029167 0.077778
7 0.048958 0.782870 0.028125 0.071296
2 0.602865 0.163889 0.031771 0.092593
2 0.750260 0.159259 0.029687 0.098148
2 0.900260 0.160648 0.028646 0.095370
2 0.918490 0.361574 0.027604 0.097222
2 0.757552 0.362037 0.032813 0.098148
2 0.761458 0.570833 0.030208 0.100926
2 0.923438 0.578241 0.033333 0.099074
2 0.929688 0.761574 0.031250 0.102778
9 0.615885 0.578241 0.078646 0.069444
9 0.765365 0.777315 0.079687 0.073148
