7 0.616146 0.775463 0.022917 0.076852
7 0.458854 0.575926 0.025000 0.074074
7 0.469531 0.772222 0.023438 0.072222
7 0.318750 0.582870 0.022917 0.071296
7 0.314844 0.774537 0.027604 0.073148
7 0.171094 0.781019 0.036979 0.076852
7 0.057813 0.777315 0.030208 0.073148
7 0.052083 0.571759 0.028125 0.073148
7 0.176823 0.572685 0.028646 0.071296
9 0.615365 0.573611 0.077604 0.052778
9 0.768750 0.789352 0.079167 0.058333
1 0.080990 0.162037 0.043229 0.090741
1 0.198437 0.155556 0.043750 0.090741
1 0.323698 0.153241 0.045312 0.093519
1 0.468490 0.151389 0.040104 0.095370
0 0.068490 0.353241 0.039062 0.089815
0 0.187500 0.350926 0.032292 0.077778
0 0.320833 0.350926 0.041667 0.070370
0 0.463281 0.363889 0.034896 0.096296
0 0.612500 0.357870 0.035417 0.097222
2 0.612760 0.155093 0.023438 0.099074
2 0.753385 0.159259 0.025521 0.101852
2 0.891406 0.157407 0.028646 0.101852
2 0.753906 0.361111 0.025521 0.100000
2 0.911198 0.362037 0.031771 0.098148
2 0.764062 0.573148 0.027083 0.100000
2 0.926823 0.566667 0.033854 0.103704
2 0.931250 0.754630 0.032292 0.101852
