0 0.243750 0.349074 0.050000 0.061111
0 0.300521 0.349074 0.041667 0.066667
0 0.354167 0.346759 0.055208 0.065741
0 0.413542 0.344444 0.043750 0.075926
0 0.470313 0.263426 0.059375 0.058333
0 0.471615 0.343981 0.059896 0.056481
1 0.543229 0.259259 0.059375 0.074074
1 0.545312 0.340278 0.059375 0.073148
1 0.614844 0.336574 0.059896 0.073148
1 0.690104 0.337037 0.061458 0.072222
2 0.236719 0.443981 0.058854 0.045370
2 0.300000 0.447685 0.059375 0.050926
2 0.364063 0.444444 0.054167 0.050000
3 0.431510 0.443056 0.054688 0.041667
9 0.486458 0.462500 0.038542 0.136111
9 0.538281 0.464815 0.038021 0.140741
8 0.462760 0.588426 0.032813 0.062037
3 0.601042 0.452778 0.046875 0.072222
3 0.672917 0.449537 0.047917 0.069444
3 0.597135 0.553241 0.039062 0.067593
3 0.660417 0.549537 0.038542 0.069444
3 0.718229 0.551852 0.045833 0.070370
3 0.595052 0.653704 0.042188 0.074074
3 0.657031 0.647222 0.044271 0.075926
3 0.716146 0.650463 0.047917 0.075000
5 0.722135 0.764352 0.047396 0.075000
5 0.663281 0.769444 0.048438 0.077778
5 0.603646 0.775463 0.043750 0.082407
5 0.551823 0.781019 0.039062 0.076852
7 0.240104 0.528241 0.044792 0.043519
7 0.296615 0.528241 0.042188 0.041667
7 0.348438 0.531019 0.041667 0.043519
7 0.401562 0.525926 0.041667 0.040741
7 0.249479 0.594907 0.044792 0.045370
7 0.301302 0.588426 0.042188 0.039815
7 0.353646 0.584259 0.041667 0.040741
7 0.403646 0.583333 0.039583 0.042593
7 0.248438 0.668519 0.045833 0.046296
7 0.305729 0.659722 0.044792 0.041667
7 0.360156 0.656019 0.044271 0.045370
7 0.410677 0.651389 0.044271 0.047222
6 0.250260 0.755556 0.053646 0.048148
6 0.318750 0.745370 0.055208 0.050000
6 0.388021 0.744907 0.054167 0.049074
6 0.254948 0.834259 0.056771 0.051852
6 0.315365 0.833333 0.052604 0.051852
