0 0.215104 0.185648 0.041667 0.104630
0 0.270052 0.189352 0.047396 0.084259
0 0.312760 0.193056 0.036979 0.087963
0 0.358594 0.193056 0.040104 0.075000
1 0.438021 0.194444 0.045833 0.109259
1 0.483594 0.196759 0.043229 0.112037
1 0.539844 0.201389 0.045312 0.112037
1 0.591927 0.203704 0.044271 0.109259
1 0.559635 0.361574 0.038021 0.117593
1 0.621615 0.361574 0.038021 0.113889
2 0.714583 0.218519 0.030208 0.107407
2 0.756510 0.216667 0.028646 0.101852
2 0.794271 0.219444 0.029167 0.103704
3 0.674219 0.221759 0.026562 0.104630
9 0.738542 0.343519 0.081250 0.074074
9 0.740625 0.421296 0.083333 0.072222
8 0.459635 0.332870 0.035937 0.065741
7 0.187500 0.328704 0.026042 0.075926
7 0.216406 0.334259 0.027604 0.077778
7 0.243750 0.333333 0.027083 0.077778
7 0.274479 0.331019 0.025000 0.075000
7 0.301042 0.332407 0.026042 0.075926
7 0.330208 0.336111 0.028125 0.077778
7 0.361458 0.335648 0.026042 0.075000
7 0.228125 0.425463 0.027083 0.073148
7 0.256771 0.426852 0.026042 0.075926
7 0.300781 0.429167 0.024479 0.073148
7 0.328906 0.431019 0.025521 0.075000
7 0.362500 0.434259 0.026042 0.074074
6 0.449479 0.531019 0.023958 0.099074
6 0.501302 0.532407 0.027604 0.100000
6 0.539062 0.535185 0.025000 0.098148
6 0.584635 0.533333 0.026562 0.100000
6 0.633594 0.534722 0.027604 0.095370
4 0.169531 0.648611 0.046354 0.084259
4 0.220833 0.646296 0.045833 0.077778
4 0.268229 0.648148 0.043750 0.083333
4 0.319010 0.648611 0.041146 0.082407
4 0.372135 0.646296 0.042188 0.079630
4 0.270052 0.760648 0.043229 0.082407
4 0.319010 0.758333 0.041146 0.072222
4 0.369010 0.755093 0.040104 0.069444
5 0.441146 0.649537 0.045833 0.073148
5 0.442708 0.758796 0.048958 0.075000
5 0.518490 0.664815 0.041146 0.070370
5 0.508594 0.760648 0.043229 0.080556
