0 0.111719 0.189352 0.040104 0.113889
0 0.156771 0.190741 0.038542 0.116667
0 0.213802 0.185185 0.040104 0.101852
0 0.269792 0.188426 0.044792 0.082407
0 0.312500 0.189815 0.039583 0.092593
0 0.358073 0.191667 0.040104 0.074074
1 0.436719 0.191667 0.047396 0.109259
1 0.482292 0.194907 0.045833 0.112037
1 0.539323 0.199537 0.045312 0.113889
1 0.592448 0.203241 0.043229 0.112037
8 0.458594 0.331019 0.036979 0.065741
3 0.674479 0.218519 0.027083 0.103704
2 0.715365 0.215741 0.029687 0.105556
2 0.757292 0.214815 0.030208 0.101852
2 0.795312 0.217593 0.031250 0.103704
9 0.739062 0.341667 0.082292 0.074074
9 0.740365 0.420370 0.083854 0.074074
7 0.186719 0.326852 0.026562 0.075926
7 0.215365 0.331944 0.028646 0.076852
7 0.243229 0.331944 0.027083 0.078704
7 0.272917 0.329630 0.027083 0.074074
7 0.299219 0.331481 0.027604 0.075926
7 0.329688 0.333333 0.029167 0.079630
7 0.362240 0.335648 0.028646 0.078704
7 0.228125 0.425000 0.027083 0.075926
7 0.255990 0.426389 0.027604 0.076852
7 0.299479 0.428704 0.026042 0.075926
7 0.328385 0.429630 0.025521 0.075926
7 0.361979 0.431944 0.026042 0.075000
4 0.169271 0.647685 0.046875 0.087963
4 0.219271 0.645833 0.044792 0.082407
4 0.267969 0.646296 0.044271 0.081481
4 0.318229 0.647685 0.041667 0.082407
4 0.372135 0.645833 0.040104 0.082407
4 0.268750 0.759722 0.041667 0.084259
4 0.317708 0.757407 0.042708 0.072222
4 0.368229 0.755093 0.040625 0.071296
5 0.439323 0.647222 0.045312 0.072222
5 0.441406 0.758333 0.046354 0.077778
5 0.519792 0.665278 0.045833 0.075000
5 0.507812 0.759259 0.043750 0.079630
6 0.449219 0.531481 0.023438 0.100000
6 0.500521 0.531481 0.028125 0.100000
6 0.539583 0.532870 0.025000 0.093519
6 0.584375 0.531481 0.027083 0.100000
6 0.633854 0.534259 0.028125 0.094444
