0 0.281771 0.377315 0.040625 0.050926
0 0.328125 0.392130 0.035417 0.056481
0 0.377604 0.390741 0.043750 0.055556
0 0.429427 0.392130 0.035937 0.062037
0 0.475521 0.336574 0.051042 0.049074
0 0.475781 0.392593 0.051562 0.050000
1 0.536719 0.288426 0.049479 0.058333
1 0.532813 0.374537 0.050000 0.062037
1 0.587760 0.363889 0.049479 0.057407
1 0.642448 0.373148 0.051562 0.061111
4 0.588802 0.455556 0.039062 0.055556
4 0.650781 0.462963 0.040104 0.055556
4 0.578906 0.549537 0.031771 0.056481
4 0.627865 0.539815 0.033854 0.057407
4 0.681250 0.549537 0.038542 0.058333
4 0.569271 0.629630 0.037500 0.057407
4 0.623177 0.622685 0.036979 0.060185
4 0.676562 0.631944 0.038542 0.060185
5 0.530208 0.733333 0.034375 0.062963
5 0.580469 0.731944 0.033854 0.069444
5 0.627344 0.714815 0.036979 0.061111
5 0.678646 0.706944 0.037500 0.060185
9 0.532813 0.487500 0.032292 0.115741
9 0.489323 0.485648 0.031771 0.108333
8 0.468229 0.575926 0.028125 0.053704
2 0.286719 0.456481 0.048438 0.038889
2 0.339323 0.454630 0.046354 0.040741
2 0.390104 0.455093 0.047917 0.041667
3 0.443750 0.462963 0.044792 0.037037
7 0.285417 0.516667 0.036458 0.037037
7 0.331250 0.517130 0.036458 0.034259
7 0.377083 0.522685 0.034375 0.034259
7 0.422135 0.522685 0.033854 0.034259
7 0.287500 0.580556 0.035417 0.037037
7 0.331510 0.576389 0.034896 0.036111
7 0.375260 0.581481 0.033854 0.035185
7 0.421615 0.580093 0.033854 0.036111
7 0.286979 0.639352 0.035417 0.036111
7 0.337500 0.639815 0.033333 0.035185
7 0.382031 0.637963 0.034896 0.035185
7 0.427344 0.642130 0.033854 0.034259
6 0.289323 0.707407 0.045312 0.038889
6 0.340365 0.705556 0.045312 0.038889
6 0.400000 0.706019 0.044792 0.034259
6 0.305469 0.783796 0.045312 0.041667
6 0.358333 0.771296 0.042708 0.042593
