1 0.071875 0.150000 0.040625 0.098148
1 0.195312 0.149537 0.041667 0.099074
1 0.330469 0.156481 0.039062 0.098148
1 0.477344 0.161111 0.040104 0.100000
0 0.060677 0.356481 0.039062 0.088889
0 0.194010 0.353241 0.038021 0.078704
0 0.329688 0.347685 0.042708 0.069444
0 0.474479 0.349074 0.033333 0.098148
0 0.616927 0.348611 0.031771 0.102778
2 0.615104 0.157407 0.029167 0.098148
2 0.766406 0.162037 0.034896 0.094444
2 0.913021 0.161574 0.031250 0.091667
2 0.768750 0.356481 0.027083 0.100000
2 0.921615 0.361111 0.028646 0.098148
2 0.768229 0.569444 0.029167 0.101852
2 0.923438 0.576389 0.033333 0.099074
2 0.931771 0.775000 0.032292 0.100000
7 0.057813 0.568981 0.028125 0.071296
7 0.188542 0.568056 0.026042 0.071296
7 0.330208 0.567593 0.021875 0.072222
7 0.463802 0.582870 0.024479 0.071296
7 0.051562 0.774074 0.029167 0.072222
7 0.184635 0.786574 0.028646 0.075000
7 0.322135 0.787963 0.024479 0.072222
7 0.465885 0.788889 0.024479 0.074074
7 0.613281 0.789352 0.024479 0.076852
9 0.616667 0.575000 0.079167 0.068519
9 0.767969 0.760185 0.077604 0.074074
