5 0.088281 0.292593 0.054688 0.051852
5 0.230729 0.301852 0.050000 0.040741
5 0.369010 0.307407 0.045312 0.057407
5 0.528646 0.303704 0.040625 0.062963
6 0.109375 0.100463 0.027083 0.082407
6 0.250781 0.096759 0.024479 0.087963
6 0.379427 0.101389 0.024479 0.086111
6 0.539844 0.098611 0.026562 0.087963
6 0.646354 0.102315 0.023958 0.084259
6 0.784896 0.106481 0.026042 0.087037
6 0.799740 0.295370 0.023438 0.088889
4 0.081771 0.516667 0.055208 0.062963
4 0.213021 0.517130 0.046875 0.056481
4 0.353646 0.520370 0.042708 0.050000
4 0.518750 0.518056 0.038542 0.052778
4 0.679688 0.520370 0.045833 0.055556
8 0.340365 0.712037 0.036979 0.062963
3 0.514844 0.707407 0.022396 0.046296
