6 0.109115 0.100000 0.026562 0.081481
6 0.251563 0.096296 0.022917 0.087037
6 0.379948 0.100000 0.024479 0.085185
6 0.542188 0.098148 0.023958 0.087037
6 0.649219 0.100000 0.026562 0.081481
6 0.788021 0.107407 0.027083 0.088889
6 0.800000 0.296759 0.021875 0.089815
5 0.085417 0.291667 0.058333 0.051852
5 0.235937 0.293519 0.050000 0.055556
5 0.372396 0.298611 0.041667 0.078704
5 0.534635 0.311111 0.042188 0.059259
4 0.064844 0.511111 0.058854 0.044444
4 0.220312 0.503241 0.045833 0.050926
4 0.353385 0.511574 0.041146 0.050926
4 0.517969 0.512500 0.036979 0.065741
4 0.668490 0.507870 0.047396 0.058333
3 0.499479 0.694444 0.027083 0.042593
8 0.333854 0.705556 0.037500 0.062963
