6 0.102344 0.109259 0.028646 0.081481
6 0.240365 0.110185 0.023438 0.088889
6 0.385677 0.111111 0.024479 0.083333
6 0.526042 0.096759 0.023958 0.084259
6 0.653125 0.097222 0.025000 0.083333
6 0.785417 0.100000 0.025000 0.085185
6 0.781771 0.306019 0.020833 0.089815
5 0.092708 0.296296 0.044792 0.077778
5 0.228906 0.298148 0.043229 0.077778
5 0.365885 0.298611 0.041146 0.073148
5 0.519010 0.300463 0.043229 0.075000
4 0.086979 0.499074 0.043750 0.077778
4 0.217708 0.510648 0.041667 0.078704
4 0.347917 0.510185 0.037500 0.068519
4 0.515104 0.513426 0.038542 0.084259
4 0.659115 0.509259 0.039062 0.079630
8 0.340365 0.700926 0.033854 0.064815
3 0.513021 0.697222 0.025000 0.094444
