4 0.071354 0.497685 0.046875 0.086111
4 0.224740 0.500926 0.043229 0.083333
4 0.357552 0.504630 0.040104 0.072222
4 0.513802 0.507407 0.039062 0.077778
4 0.663281 0.504167 0.040104 0.080556
8 0.333594 0.706481 0.036979 0.062963
3 0.520833 0.711574 0.031250 0.099074
5 0.535677 0.288889 0.042188 0.077778
5 0.370312 0.294444 0.044792 0.062963
5 0.240625 0.300463 0.040625 0.080556
5 0.095312 0.279167 0.042708 0.082407
6 0.111458 0.096296 0.031250 0.077778
6 0.251823 0.096296 0.024479 0.087037
6 0.380990 0.102778 0.027604 0.090741
6 0.540625 0.097222 0.023958 0.085185
6 0.647656 0.100926 0.027604 0.081481
6 0.784896 0.107407 0.027083 0.085185
6 0.796875 0.296296 0.029167 0.090741
