9 0.616667 0.575463 0.078125 0.069444
9 0.766146 0.759722 0.081250 0.073148
0 0.060677 0.356944 0.036979 0.089815
0 0.195052 0.354167 0.035937 0.076852
0 0.330990 0.347685 0.041146 0.067593
0 0.474740 0.347685 0.033854 0.100926
0 0.617969 0.349537 0.030729 0.102778
1 0.072917 0.149537 0.039583 0.097222
1 0.195573 0.150463 0.039062 0.097222
1 0.330990 0.157870 0.039062 0.099074
1 0.476823 0.160648 0.039062 0.099074
2 0.615104 0.158333 0.028125 0.096296
2 0.766406 0.162500 0.033854 0.095370
2 0.912760 0.162963 0.032813 0.094444
2 0.768490 0.356481 0.027604 0.100000
2 0.921354 0.361574 0.029167 0.099074
2 0.767969 0.568981 0.030729 0.102778
2 0.922396 0.575926 0.034375 0.100000
2 0.930990 0.774537 0.032813 0.100926
7 0.057292 0.571296 0.029167 0.072222
7 0.188542 0.568056 0.026042 0.067593
7 0.330208 0.568056 0.022917 0.071296
7 0.463281 0.581019 0.023438 0.069444
7 0.052083 0.775463 0.028125 0.071296
7 0.184375 0.787500 0.030208 0.078704
7 0.323698 0.788889 0.024479 0.074074
7 0.466406 0.787500 0.026562 0.073148
7 0.612240 0.787963 0.023438 0.077778
