9 0.768229 0.789815 0.079167 0.059259
9 0.615885 0.573611 0.078646 0.054630
0 0.067708 0.351852 0.038542 0.088889
0 0.187240 0.350000 0.031771 0.077778
0 0.321094 0.350926 0.041146 0.074074
0 0.464062 0.363889 0.034375 0.094444
0 0.612500 0.357870 0.035417 0.097222
2 0.612760 0.156481 0.023438 0.101852
2 0.754687 0.159259 0.025000 0.101852
2 0.889844 0.156481 0.028646 0.101852
2 0.753906 0.358796 0.026562 0.100926
2 0.910937 0.362037 0.031250 0.100000
2 0.764844 0.573148 0.025521 0.100000
2 0.926042 0.567130 0.036458 0.102778
2 0.930729 0.753704 0.030208 0.103704
1 0.081250 0.162500 0.043750 0.091667
1 0.197917 0.156019 0.044792 0.089815
1 0.323437 0.154167 0.046875 0.091667
1 0.468229 0.151389 0.040625 0.093519
7 0.051562 0.572222 0.031250 0.070370
7 0.178125 0.574074 0.025000 0.070370
7 0.318490 0.582870 0.024479 0.069444
7 0.458594 0.574537 0.025521 0.071296
7 0.617448 0.773148 0.023438 0.075926
7 0.470052 0.773148 0.021354 0.070370
7 0.315365 0.775463 0.027604 0.073148
7 0.171094 0.782407 0.035937 0.074074
7 0.057031 0.776852 0.029687 0.074074
