3 0.513542 0.696759 0.025000 0.095370
6 0.102604 0.110648 0.028125 0.082407
6 0.240104 0.110185 0.026042 0.088889
6 0.385417 0.111574 0.027083 0.086111
6 0.526302 0.096759 0.024479 0.086111
6 0.652604 0.097222 0.025000 0.083333
6 0.785937 0.099074 0.023958 0.085185
6 0.780990 0.305093 0.024479 0.087963
5 0.094010 0.295833 0.044271 0.078704
5 0.228906 0.299537 0.044271 0.076852
5 0.365625 0.298611 0.040625 0.073148
5 0.519271 0.299074 0.042708 0.075926
4 0.085417 0.498611 0.043750 0.076852
4 0.216406 0.510185 0.041146 0.079630
4 0.347135 0.511111 0.036979 0.070370
4 0.514844 0.512963 0.038021 0.085185
4 0.657031 0.510648 0.043229 0.080556
8 0.338802 0.700000 0.034896 0.064815
