4 0.679427 0.521296 0.047396 0.055556
4 0.518490 0.519444 0.038021 0.055556
4 0.353646 0.519907 0.040625 0.049074
4 0.214062 0.518519 0.047917 0.053704
4 0.081771 0.517130 0.054167 0.063889
8 0.340365 0.712500 0.036979 0.063889
3 0.514844 0.708796 0.022396 0.047222
6 0.108854 0.099074 0.026042 0.083333
6 0.251302 0.097222 0.025521 0.088889
6 0.379948 0.101389 0.025521 0.084259
6 0.540885 0.098611 0.024479 0.086111
6 0.647135 0.099537 0.025521 0.080556
6 0.785677 0.107407 0.025521 0.085185
6 0.798958 0.295833 0.022917 0.089815
5 0.088281 0.292593 0.054688 0.053704
5 0.230990 0.301852 0.050521 0.040741
5 0.368750 0.306481 0.044792 0.053704
5 0.528646 0.303704 0.040625 0.061111
